8.329284e-03
-1.319901e-01
1.653105e-01
7.415853e-02
1.515864e-01
-5.243308e-03
-1.525184e-02
6.113919e-02
-4.837050e-02
5.345275e-02
1.705360e-01
5.711664e-02
-1.080714e-01
6.596591e-02
1.852208e-01
1.230326e-01
-1.044556e-01
8.996919e-02
7.822791e-02
2.759809e-02
1.865634e-01
7.208685e-02
8.889716e-02
-9.897778e-02
4.229377e-02
1.279575e-02
1.034454e-01
-1.562615e-01
-1.732223e-01
3.949827e-02
9.975536e-03
2.481152e-02
9.798840e-02
2.037981e-02
4.887978e-02
9.746990e-02
7.419767e-02
1.028925e-01
7.662447e-02
1.272069e-01
-1.948993e-01
2.135398e-01
1.645704e-01
9.177756e-02
-5.284645e-03
6.971735e-03
-5.356228e-02
-7.534158e-03
-1.469490e-01
2.842211e-02
9.690660e-02
3.777300e-02
2.133534e-02
-1.807227e-01
-5.004411e-04
5.830498e-03
-8.683889e-02
1.068763e-01
-1.688562e-01
6.501348e-02
1.341355e-01
-1.348688e-01
2.828406e-02
3.764056e-02
-1.742075e-01
-4.717908e-02
-3.316140e-02
3.244196e-02
-1.791763e-01
-1.210357e-01
-1.851772e-01
-4.838654e-02
-1.810356e-01
7.367529e-02
-1.363209e-01
-1.771468e-01
-2.041183e-01
7.292582e-02
-1.465929e-01
-4.757428e-02
5.607196e-02
-1.458488e-01
-1.404040e-01
-3.559705e-02
7.745615e-02
-1.719462e-01
-2.031858e-01
-1.245932e-01
1.091980e-01
8.591346e-02
-2.000830e-01
5.616518e-02
1.095435e-01
2.914157e-02
-1.496260e-01
-1.986488e-01
9.849006e-02
2.567440e-01
1.518822e-01
-1.547133e-01
5.912320e-02
5.621569e-02
1.290561e-01
1.060039e-02
2.508490e-01
1.435482e-01
-1.213395e-01
1.727976e-01
-1.813536e-01
-1.435671e-01
-2.714014e-03
6.322651e-02
7.497036e-02
4.359441e-03
-1.604829e-01
5.337612e-02
-1.743067e-01
1.128574e-01
1.617268e-01
-8.359743e-02
-2.522419e-03
-7.509722e-02
1.094034e-01
7.699297e-03
-1.080209e-02
-1.877273e-02
-1.624982e-01
5.618226e-04
5.558755e-02
2.941368e-01
-2.487931e-02
2.516299e-01
-1.189344e-01
1.747694e-02
-1.676783e-01
1.557802e-01
7.444073e-02
3.710666e-03
2.042648e-01
-9.816918e-02
-5.949177e-02
-6.191019e-02
1.558290e-03
-8.033553e-02
8.587366e-02
6.406137e-02
2.855148e-02
1.656636e-01
2.123504e-01
1.908900e-01
-3.096255e-02
5.263719e-02
5.688470e-02
4.533679e-02
2.594694e-02
-6.266796e-02
1.439421e-01
1.772871e-01
-1.334479e-01
-8.879822e-02
7.907883e-02
1.119857e-01
7.034503e-02
1.605060e-01
1.297980e-01
5.483265e-02
-1.116884e-01
1.556355e-01
-2.404008e-02
1.172060e-01
6.793490e-02
1.187313e-02
4.727271e-02
1.184216e-03
-1.379040e-02
-1.206529e-01
1.391858e-01
-5.805262e-02
-1.170745e-01
2.222057e-01
9.261950e-02
-1.190839e-01
-1.898418e-02
-1.158182e-01
-1.471058e-01
7.847316e-02
2.230167e-02
-1.145464e-01
-9.999006e-02
-8.121196e-02
-1.085120e-01
-1.497878e-01
3.302375e-02
-1.518846e-01
-1.130044e-01
1.532041e-01
-1.056255e-01
-1.206489e-01
-1.607737e-01
-1.037206e-01
-1.853934e-01
-2.005555e-02
-1.226588e-01
-3.289598e-02
3.224477e-02
1.570344e-01
4.747643e-02
-8.973597e-02
-9.593480e-02
-1.352965e-01
-5.853610e-03
7.680393e-02
-1.074765e-01
1.258803e-01
-1.047787e-01
7.246110e-02
-1.563640e-01
-5.740236e-02
-8.040979e-02
-1.354082e-01
5.391843e-02
1.268122e-01
1.128742e-01
-2.924992e-02
-3.816638e-02
8.404696e-02
5.016554e-02
NA
-5.058339e-02
1.431222e-01
-1.459627e-01
-1.577088e-01
-1.243257e-01
-8.640598e-02
-1.157834e-01
5.239580e-02
-1.488866e-01
6.708602e-02
5.603453e-02
-3.710029e-02
