9.710006e+01
6.970444e+01
1.077617e+02
2.690527e+00
9.975972e+00
-1.176122e+01
-5.660417e+00
3.119292e+01
-2.103285e+01
8.602804e+00
-4.120037e+01
1.616596e+00
1.406384e+01
3.228768e+01
-1.295656e+01
-2.176116e+01
2.471906e+01
2.492013e+01
7.704549e+00
-3.146546e+00
-3.917882e+01
-8.683874e+00
7.766481e+00
1.317752e+01
1.883692e+01
-2.087376e+01
-5.372859e+01
-4.431445e+01
-2.122537e+01
-1.594568e+00
-3.087638e+01
1.615578e+01
-1.570465e+01
-2.051011e+01
-7.512690e+01
-4.681522e+01
-4.729133e+01
-4.073058e+01
-2.730233e+01
-8.568333e+01
-1.111994e+01
1.573784e+00
-5.823471e+01
-3.199142e+01
-2.985291e+01
1.137962e+01
-1.177336e+01
4.714832e+00
2.039654e+01
-8.957370e+01
2.293437e+01
-5.653424e+01
-5.411594e+01
-2.411733e+01
-4.415170e+01
-7.434995e+01
-5.848722e+01
-8.179082e+00
-6.511265e+01
-3.129447e+01
-1.675091e+01
5.007853e+00
-1.088454e+01
3.350956e+01
-4.934633e+01
-6.872553e+01
-4.103761e+01
-1.053512e+01
-1.019963e+02
-2.996660e+01
-1.024531e+01
7.450970e-01
1.015262e+01
1.736240e+02
1.057112e+02
1.652012e+02
9.536202e+00
-4.894716e+00
8.644601e+01
-4.766796e+01
6.253967e+01
-4.377868e+00
-4.729231e+00
-3.421133e+01
-6.624160e+00
3.582064e+01
-2.310938e+01
2.969299e+01
5.390608e+01
3.556391e+01
-1.057579e+01
8.221446e+01
7.358428e+01
8.915269e+01
3.647438e+01
1.276411e+02
5.592680e+01
