-4.876274e-02
-1.053121e+00
9.743390e-01
-1.372250e-01
7.649928e-01
1.606693e-01
4.003487e-01
5.236950e-01
2.906590e-01
2.223390e-01
7.281044e-01
6.141668e-01
-1.009392e+00
3.990236e-01
3.247283e-01
-2.205439e-01
NA
-5.021746e-01
2.577090e-01
-2.001163e-02
-3.240515e-01
-3.841216e-01
4.045269e-01
1.999552e-01
-1.732625e-01
-2.925705e-01
-2.764366e-01
1.769468e-01
4.222322e-02
1.354882e-01
4.859313e-01
1.025306e+00
7.797019e-01
2.076563e-01
4.960759e-02
-7.657359e-03
-4.791105e-01
-6.120106e-02
-1.010964e+00
-1.531172e-01
2.938598e-01
-1.491482e-01
5.525083e-01
1.413864e-01
3.708268e-01
-1.113444e+00
2.481538e-01
-7.899252e-02
-1.268909e-02
-1.567468e-02
8.204111e-01
-4.132134e-01
-6.383966e-02
5.223756e-01
9.104038e-02
-4.984332e-01
-1.360713e+00
8.416046e-01
5.198954e-03
-3.957881e-02
-5.805202e-01
4.112489e-01
-8.492492e-02
1.151638e-01
2.656323e-01
-1.104509e-01
-9.035160e-01
-6.983268e-01
-5.844609e-01
-1.064486e-02
4.237990e-01
-5.095446e-02
1.029423e-02
-5.879368e-02
NA
-1.024251e-01
-2.419568e-02
-1.106732e-01
1.000579e+00
3.235811e-02
7.786802e-03
4.751256e-02
1.653544e-01
1.496275e-01
9.250831e-01
7.552102e-01
8.094719e-02
3.742157e-02
-8.364928e-01
1.481437e+00
8.769130e-01
-6.833822e-01
6.746186e-01
1.064932e+00
2.396350e-02
1.320520e-01
1.094835e-01
8.676357e-01
6.165605e-01
-3.133921e-01
7.989967e-02
-1.400888e-01
1.007873e-01
7.275739e-02
-2.111131e-01
-6.084228e-02
4.115147e-01
-7.554196e-02
4.084324e-01
-8.616781e-02
-8.087574e-01
-7.198699e-02
7.842472e-01
1.190549e+00
1.159578e+00
NA
1.123641e-01
4.987140e-01
3.872775e-01
1.046774e+00
1.369658e+00
4.691574e-01
1.593273e+00
-3.838290e-01
7.695294e-01
9.767695e-01
7.867706e-01
-2.337007e-01
-6.714918e-02
-1.775607e-01
8.022261e-01
3.323777e-01
3.175209e-01
3.977544e-01
-8.092745e-01
NA
2.355212e-02
-9.182182e-02
2.235686e-02
5.438175e-01
-8.723583e-01
9.929462e-01
NA
-9.671425e-01
-9.455251e-02
-4.074379e-01
-5.864990e-01
7.717382e-01
NA
4.038207e-01
1.051475e-01
3.320761e-01
NA
-4.731137e-01
1.137874e+00
4.383146e-01
1.264579e+00
9.476501e-02
1.103544e+00
4.858300e-01
6.949504e-01
1.129052e+00
7.594275e-01
6.533900e-01
-1.195469e+00
6.421684e-01
-3.400356e-01
2.640910e-01
4.885671e-01
2.330349e-01
6.732455e-01
-1.139757e+00
5.727608e-01
-4.202525e-01
-2.766431e-01
-8.859561e-01
-1.385855e+00
-1.028832e+00
-1.531112e+00
-1.274463e+00
NA
-3.544666e-01
-1.097980e+00
-5.539866e-01
-9.100130e-01
-8.320566e-01
-6.509372e-01
4.171605e-01
-1.043264e+00
-7.775453e-03
-7.603243e-01
-7.705512e-01
-1.285979e+00
NA
-1.361445e+00
-3.046868e-01
-7.951886e-01
-4.896492e-01
-1.105554e+00
-1.037058e-01
-7.825650e-01
-2.019878e-01
-5.236805e-01
2.339481e-01
1.228686e-01
-6.796470e-01
-1.382156e-01
-8.442162e-01
-1.349374e-01
-1.124477e+00
3.600538e-02
-1.645362e-01
3.204932e-01
-2.702480e-01
NA
3.421901e-03
-3.672236e-02
-3.990904e-01
-8.715555e-01
-7.754495e-02
-2.793514e-01
-6.541518e-01
-1.208071e+00
3.582047e-01
4.981527e-01
-1.480604e-01
-6.588588e-01
1.758548e-01
-9.383579e-01
7.336217e-01
-1.378303e-01
7.966302e-01
3.287547e-01
-3.739185e-01
7.785566e-01
-5.276327e-01
NA
-1.593750e-01
-1.255124e-01
-8.068641e-01
-1.553936e-02
1.862783e-01
-5.070346e-02
2.091565e-01
5.718944e-01
-2.262750e-01
-5.737122e-01
-1.736099e-03
-2.882299e-01
