-3.803353e+01
-3.237036e+00
-4.312267e+01
-2.878917e+01
1.684195e+01
-4.155378e+00
-1.497118e+01
4.324105e+01
4.339953e+00
1.636423e+01
-3.642862e+01
-1.507653e+01
1.928889e-01
2.175907e+00
-9.135163e+00
-6.490227e+00
-4.722098e+01
6.556604e+00
-4.426839e+00
-1.866537e+01
1.095384e+01
2.339435e+01
5.512691e+01
5.851100e+00
-9.978192e-01
3.028017e+01
-3.851559e+00
3.450807e+01
1.648352e+01
-1.313877e+00
-1.269516e+01
8.723572e+00
-2.781678e+01
-3.371061e+01
1.474163e+01
3.784930e+00
-1.567662e+01
-3.932799e+01
-4.315373e+00
6.300908e+00
-1.683599e+01
-2.177959e-01
-6.163717e-01
1.182048e+01
1.810678e+01
2.950635e+01
-7.659647e+00
-3.412226e+01
1.539170e+01
1.282002e+01
5.707611e+00
4.928641e+01
5.102670e+01
-1.580517e+01
3.871672e+00
2.924587e+01
-5.376307e+01
-9.101256e-01
-4.373355e+01
-5.015543e+01
-1.281578e+01
-1.961279e+01
7.927181e+00
-1.643321e+01
1.995445e+01
-3.519112e+00
2.030614e+01
1.412263e+01
2.814885e+01
4.027579e+00
-1.010461e+01
-2.924575e+01
2.171255e+01
-9.410023e+00
2.047881e+01
3.205465e+00
2.131518e+00
1.916694e+01
5.277334e+00
2.636693e+01
1.563591e+01
2.117869e+00
1.336731e+01
-1.240190e+01
1.822211e+01
3.312605e+01
5.280597e+00
-9.468253e+00
1.183720e+01
-1.117931e+01
1.708837e+01
-9.766626e+00
-1.880084e+01
-5.487638e+00
-3.570510e+01
4.154706e+00
-3.072855e+00
